  1a1a1a1b   131
 131313   25
 1357924680   16
 080808   8
 135790   7
 242424   6
 135797531   3
 353535   3
 464646   3
 a1a1a1   3
 424242   3
 646464   3
 757575   3
 797979   3
 97979797   3
 686868   2
 868686   2
 adgjl2   2
 246800   2
 575757   2
 535353   2
 313131   2
 080801   2
 mbmbmb332   2
 dadada   2
 13131313   2
 135796   2
 ututut   1
 135313   1
 umumumum   1
 13579okm   1
 080809   1
 adadag   1
 135798642   1
 246428   1
 080809r   1
 nvnvnv123   1
 080808ae   1
 757575vj   1
 tututu   1
 131313m   1
 JGJGJG   1
 tutututu   1
 135792468   1
 a1a1a1a1   1
 79797979   1
 f4f4f4f4f4f4   1
 64646205   1
 35753575   1
 2468013579my   1
 ceceta49   1
 35797dhqvo   1
 8642syupt   1
 86468oieho   1
 46808vhqgr   1
 2s2s2s   1
 86464wfx   1
 68642anbyc   1
 68080miiwz   1
 975310   1
 vnvnvn   1
 86868686   1
 1357924680dl   1
 808080   1
 2468013579   1
 135790000000   1
 1313d1313alo   1
 080805d   1
 246801   1
 24242424   1
 dada11   1
 jgjgjgjgjg10   1
 muteclub   1
 etetetet1239   1
 246800gr   1
 adadad   1
 dada1986   1
 080802   1
 135799   1
 vnyrv1500sukr   1
 dada10   1
 ada13john15   1
 13575713   1
 j7j7j7j7   1
 64646464   1
 umbcedu1   1
 13579135   1
 131358   1
 80868086   1
 .m.m.m.m   1
 qetuo[b   1
 242424a   1
 086420   1
 313130   1
 fhfhfh   1
 1357911   1
 5753123   1
 135313ld   1
 ada1310   1
 a1adgxyu   1
 a131313   1
 adgjl11   1
 tbtbtb   1
 ipipip   1
 1adadad   1
